- OS: Windows-10-10.0.22631-SP0 10.0.22631
- Python: 3.11.2
- Stable-Baselines3: 2.6.0
- PyTorch: 2.6.0+cu118
- GPU Enabled: False
- Numpy: 1.26.0
- Cloudpickle: 3.0.0
- Gymnasium: 1.1.1
- OpenAI Gym: 0.26.2
